0.29688807662914823
0.2702714231270334
0.334160536817485
0.35315610411191584
0.307965331740471
0.3270843912354813
0.32484090849731617
0.3254261272642225
0.4346959481481121
0.2886905929250952
0.16196498394103515
0.31851467481687995
0.23999492491495936
0.30257912388164193
0.38577226539726944
0.35547101960845423
0.20505352217880013
0.5393094652342277
0.2877738411489852
0.309356224811072
0.3631121286414804
0.19249101441375613
0.5191853587676343
0.317197290905267
0.49399231296907165
0.388618210532044
0.3047596310690284
0.35045025722487966
0.3752678005528668
0.2998555319073618
0.4390113898449859
0.20861106197821414
0.47452863749803653
0.41216903473581046
0.6290255679719982
0.2499955915829376
0.27092995869876463
0.3054080465851037
0.29758635421301793
0.32194762396017124
0.5428118530061952
0.5905476495352374
0.33386515205778566
0.5364798109754538
0.2434642534887077
0.31943066444640894
0.2909321020461184
0.2808899516727176
0.15931429753857132
0.28150433183462814
0.40930756537388435
0.5708107277477573
0.40888235426555525
0.19708071386354514
0.3953304283108014
0.27919510561722877
0.48018717120179566
0.20621355101579317
0.23640470027472987
0.2952313846910442
0.31111259120142604
1.1167470964180197
0.3451198453503425
0.5237517941225839
0.2749623252975632
0.3782678843226024
0.1526673090983419
0.24789009005743795
0.39258634757431204
0.15185891316933672
0.4847531274985369
0.5250843678463022
0.5663523721023468
0.2503181831795635
0.2317997187808929
0.3346952575349001
0.2968656387083328
0.24529855303468873
0.2761035857927288
0.3805576033262271
0.26713847735526897
0.3120457864721207
0.4565667119109124
0.38414577339591877
0.2637644784312804
0.33030675325608827
0.3204247838880574
0.2555169490603891
0.5598072656168163
0.2487963788742845
0.42581912526383825
0.2660923854335062
0.35414500147327405
0.26658058172968085
0.31912120878111494
0.30780558084014525
0.2945535432878558
0.6762040935898026
0.20329488375550603
0.2968843149432369
0.31542052936574616
0.3561794355292822
0.2880870556380882
0.4654050294287255
0.28168579779767516
0.2657722211445737
0.21866866082465433
0.42620861095457524
0.303059517289998
0.3783865241045704
0.2683294873267171
0.67987502341195
0.39713537618136663
0.29240915657522826
0.922671658072907
0.5227813453387185
0.491414348671195
0.45854224556435985
0.20755285655698474
0.2941624226478759
0.2403870254262736
0.1924728265634129
0.20722517466943274
0.20084368015446424
0.8823097843027662
0.3681832473656066
0.2676144434387928
0.3026655277349887
0.611370165682479
0.45597858847609757
0.23438783075084335
0.2625358377619067
0.5561241892621144
0.28434981254561464
0.5456820472911211
0.4315162256502724
0.43179636744658917
0.23214233215347144
0.509221588127816
0.38369622807191045
0.3897682321829807
0.21605256015021002
0.25965896642623815
0.6732617846043225
0.23313329033633512
0.34103159811580336
0.4072682221249486
0.28291803697608725
0.23938949968211856
0.2251476544919041
0.3866340846845001
0.35429877496106627
0.3402414132994919
0.22845442931074475
0.31734459695850525
0.2634238994961821
0.3928530273751903
0.2197980823912873
0.27585327387071734
0.459925425951653
0.16340792592848197
0.34765312397508213
0.21502134319067454
0.3503905554788571
0.23601598956398878
0.3682154807689633
0.44704138688774786
0.4402701574782871
0.5645041459770668
0.314828434900569
0.48066908702616656
0.2705441518599064
0.21243942209903358
0.2180410671819292
0.4419315331519542
0.24506816565726022
0.18177034854274707
0.30832131460698126
0.2618998546033206
0.26180803399626656
0.3023743185386765
0.23682219929064702
0.27818254402457393
0.25419122997853916
0.36487491576796643
0.2949155963073657
0.37957837373104686
0.48264022221688563
0.28496710433688366
0.19894029725083925
0.22370969044983602
0.26437404637053247
0.3405750274030126
0.3641153346085872
0.478174307872749
0.31236583266050577
0.2537353767548893
0.2637090951462462
0.2434642534887077
0.1799703154532028
0.255973481827453
0.2582863272562492
0.24014580467180185
0.21297261503314946
0.2109471520092824
0.2664075336612941
0.317197290905267
0.30237041711789797
0.28940678479067133
0.22913951322249163
0.19354945200291582
0.2533734754135669
0.27383986176234637
0.37348384882101554
0.2987093954884951
0.23079245457757847
0.21545104788836433
0.29624929823544577
0.49214918867990975
0.48091457392483744
0.48247960631357495
0.2885969242078367
0.29489053708814267
0.15720525153271858
0.23396186770915142
0.41548118629250674
0.3313923986012905
0.23055676159977584
0.2615524419935537
0.39083831980168576
0.20795636112370267
0.3735837464290959
0.4421749253763164
0.5087671695624202
0.5098263801648404
0.4747152865247181
0.48132577881627786
0.5393094652342277
0.17457669206125523
0.265740654101405
0.21937130544955655
0.20886652514467327
0.4284281629394268
0.22115120379466235
0.36177696429476486
0.27124378617859013
0.22050825692039336
0.4043411936116776
0.4840726390899282
0.464389319967268
0.24784376913006848
0.519000777472653
0.21270391022153748
0.29625582589384997
0.23902521278736816
0.1707052005865558
0.2132745210258113
0.5808195078443916
0.23493558873747422
0.3246436360630425
0.2556532348941633
0.5695634482305307
0.23709140611036714
0.3118126991625125
0.24352145678548898
0.36613796626941514
0.3599406466608513
0.275228039478334
0.28266642483271054
0.23249962436414956
0.5499934933039343
0.3029294675202779
0.25128911046973895
0.2707706471513975
0.3708754706225143
0.23771149642976452
0.3224893317593605
0.2241779802955948
0.2689629017188768
0.20835253069054593
0.28356660623388763
0.18665544069526593
0.31429978324154473
0.3570674118707454
0.24426156822290104
0.2682461703545577
0.350851509400249
0.3987347276054827
0.33121894294056486
0.3184137804224108
0.6979892808627544
0.2786325292846234
0.292908246548634
0.3426252005118686
0.24315478190131865
0.3368061645784052
0.242550327505579
0.24913978877544538
0.38772642153934067
0.40194151386108934
0.2559009295673121
0.25679390822515114
0.24544703541633087
0.29842613290956227
0.4059854734960052
0.2374644481332268
0.36194181748807186
0.35627026011822444
0.3507593953429948
0.4321800615902759
0.23097943003721721
0.23106329410437643
0.18140811210594907
0.2930031174622958
0.25882444000842436
0.38978858758725765
0.5552871861139671
0.21296964434489085
0.1979992579251339
0.3673343148086397
0.3483473634451277
0.3795321077305618
0.3437591331196283
0.4041571656922764
0.5130864051770803
0.3045571454190341
0.3159757507714436
0.3983212829348848
0.31966244819138967
0.3733440378549663
0.7753975155984209
0.5039045933373543
0.26373882874729143
0.29427972209768816
0.24147449169556895
0.1670745752886656
0.3181699948595492
0.7753975155984209
0.24176266224936968
0.26568648512083626
0.25899285790865223
0.21374161180426618
0.36063318116001963
0.28396367792695487
0.33795680790133203
0.27798066717941544
0.2671609215027541
0.24725018163952217
0.37957837373104686
0.35264791752614133
0.4379173183628974
0.434618332892802
0.2819489092942396
0.30416594824036064
0.2863332119890743
0.28441535850870653
0.3051522726446581
0.27052713460801264
0.3632411968041079
0.2776510610992812
0.3222862433574087
0.5980103221389713
0.3285366890179327
0.3472514674955366
0.5530343445993586
0.35388070662120064
0.2546815440888427
0.39363895536167
0.3529662480298837
0.27834474262016623
0.23898770109722192
0.4516791084127889
0.24098655175237044
0.3757235535702362
0.24447356429742614
0.27559986679869036
0.32051421546013215
0.3622234140913223
0.4167324719017727
0.3307292832292673
0.39878461073072546
0.25973144442904533
0.3422614481166936
0.33079633713075907
0.43783062228264996
0.8463946954597866
0.3480586030011185
0.2959643474293083
0.3534040397848786
0.2663163661142681
0.4204956751384261
0.22051245787956514
0.18636138924713
0.4266902259626975
0.32133530431486684
0.6613255982506674
0.4793341662457921
0.25915296673703436
0.37182887022699335
0.2131730403690593
0.3370269396752656
0.29425126894886394
0.5117092133819714
0.2046696603998841
0.17764949997420906
0.2518138139340282
0.4797048560218842
0.6783008076799009
0.38758747068700383
0.2877469046530055
0.26980376799724376
0.33740382595015933
0.4535015362971263
0.33090031069421283
0.23695817488881024
0.2381585047779019
0.26260682263719926
0.30076560407445285
0.2973284028744633
0.2608841600099454
0.22389910106947084
0.3192607959904254
0.5050498615744219
0.28129719431845973
0.500991596836157
0.4113799623607891
0.3629242923711181
0.26997058404302443
0.38369907554015603
0.3485622107163676
0.3839717076723596
0.34082537727060286
0.44733840411402204
0.43756637042303476
0.471998245570233
0.41293361966735526
0.4707400860381836
0.5401735934925059
0.42210119590569634
0.4235660355797584
0.3284911561222498
0.3084351231918411
0.2329187058082705
0.17708115714863332
0.22450306554521257
0.30539568683956336
0.6556952328696236
0.2728988381900134
0.26258283463382354
0.22097876813900524
0.30897906229384553
0.3270669143228241
0.24916097088587627
0.3833307334073223
0.34338423627161146
0.22702954586033663
0.2219618474356672
0.34577357316764457
0.23997322321851128
0.33692024880783394
0.3042985917401377
0.3469933218561384
0.3195141349142791
0.4311022125739924
0.5699531763731819
0.47491304022816183
0.5297708693908244
0.45306971765175524
0.4365594447987029
0.22499024311144467
0.34997387093178833
0.29202350999821053
0.41263989421950126
0.47967757579302533
0.6918696061551755
0.30000706109735503
0.35034081656992594
0.27042316668905064
0.25319688461322476
0.27866993271540796
0.37968550409515167
0.33736782468920395
0.5279943548127009
0.35606341958181426
0.3720883090105306
0.28840680965516713
0.21511280134620378
0.3500748516620803
0.43748106694461086
0.34772006083712714
0.21077327878986
0.2852241547648059
0.26857563736650775
0.2821758382527242
0.2924935013431986
0.4235783265876946
0.2630004622481366
0.29066663687220673
0.3019042569356409
0.26070824176782115
0.39924547445463254
0.6850962306480256
0.35530555308914546
0.43779065739363193
0.5204595551535284
0.4166052611693968
0.6522220331645463
0.21765215596023665
0.4771829033110227
0.3834007689637118
0.3035868772401984
0.2154500600505141
0.27941375275205743
0.3837874859066368
0.3629203910123789
0.3550739272097808
0.23000110879532457
0.25997199543649624
0.3040388493960323
0.2532315559561524
0.305022538151521
0.39556856207388386
0.40884243908674966
0.38263666817666253
0.4628692158269454
0.6784643850523461
0.3542461404556915
0.389100598238901
0.5332394498136075
0.2905010518755557
0.25620732887555375
0.44520010102289154
0.23214843517256634
0.5567250008388727
0.35705736582468733
0.5985196008214599
0.5582480729434116
0.5857030079115425
0.35301338671962745
0.6136025908426347
0.5424594493913275
0.3649159379720897
0.3484159798621566
0.5161130425686978
0.41392273559829423
0.41215313136878584
0.30216157941276117
0.4978998179879742
0.3776819123192253
0.46109135096880466
0.31229545466361913
0.5812544130304006
0.4450453090281565
0.6171470701050166
0.2709361738570519
0.4768375234383369
0.5556405232331366
0.4000663679418296
0.5250559818554155
0.4566768444504346
0.2505686239632233
0.1417958047299412
0.3079630003741347
0.4241010505993695
0.5255223979876558
0.320686325552795
0.6485216701673667
0.26490400148499477
0.358078624045282
0.4786436762971391
0.7478747449313116
0.3172752911035105
0.24217937841865814
0.7885003086717867
0.42530370857875505
0.2268997894635989
0.33614533999087004
0.4138524270938025
0.2997438100275226
0.4427112735474022
0.26352334712906716
0.3815435203642624
0.3061767184861669
0.34059161736228877
0.31552086117384565
0.5419657091290442
0.3587312942162657
0.5647676774417603
0.22824663696063258
0.3082339478669102
0.6072213169018001
0.2745457535685011
0.20670637543460155
0.4447472777046441
0.7587413944861724
0.4089979686979778
0.48881046732431505
0.29588365366919267
0.2657441022879652
0.27936902228093285
0.5565059160533952
0.5336555036613767
0.30498939562528693
0.49321620577767905
0.3302384120745408
0.2825601973988592
0.25495999981143985
0.4638227858106689
0.40254848654562186
0.33807213410669235
0.22127339107331792
0.24450924535906537
0.32371826584435553
0.8414551953584098
0.30192584266828426
0.42586655405864204
0.368339707653952
0.26286752183268647
0.28876030525668456
0.14208933057481318
0.23510609277371397
0.3623426432160353
0.3373078823503258
0.5255424733755552
0.23866740628453134
0.33210914002094344
0.3144248756102584
0.29727060479535106
0.4843407983493084
0.43480014916877174
0.5394469048465776
0.4419424758820931
0.47119801998791594
0.3321022108576073
0.2646361859908395
0.4262999240756668
0.36822629416266145
0.3539385214640194
0.5689872790694747
0.3102871403132098
0.4745636786844998
0.3476301214876656
0.2692566313290515
0.2650863091924738
0.36702317112422667
0.18705213897846168
0.4166547212363237
0.35550694027668417
0.4383481369829685
0.4922503448531274
0.38772133396549263
0.3375806270043838
0.5037552021528754
0.2815559457699254
0.24821544062264655
0.31881091552008295
0.4102081645313316
0.2258131335020548
0.4203261722650883
0.2656252027465843
0.3034442164573005
0.3999205202386059
0.6195328586467783
0.25717487922227084
0.5082256984381524
0.29117175122641303
0.4636819672612255
0.3980982460134233
0.3134474359926137
0.2410230641693126
0.3068871172363859
0.484883723297738
0.4035703907585053
0.6810336228066926
0.2930191437320067
0.3369812062594092
0.24412585103006884
0.6750635919129457
0.3808327835079308
0.3338718330499534
0.3234248772089052
0.2710900407492283
0.3063403001322924
0.517218182750735
0.20814185415981779
0.2871059379629168
0.2997849301151769
0.16194800751851296
0.26773866260363116
0.9348802521702032
0.5544002506384508
0.27630192008953414
0.5292605524571955
0.290120291814425
0.36562868394526354
0.31166975603408853
0.5354600967054745
0.3832136125158812
0.521827004981824
0.30344051797721194
0.37489195704827755
0.31832255337953796
0.3120985793374035
0.5148153785591506
0.2904506547214221
0.31097344234790847
0.361701408031194
0.29464840602501735
0.18096493981139164
0.3481299332251032
0.3445714444721768
0.3499748825672687
0.3420159644281011
0.421449329010595
0.3218279606139764
0.5670746215852294
0.5565448525951591
0.4011115702648314
0.44636399264737436
0.4404120983123228
0.39538592980426285
0.3138670342638336
0.5432896478655573
0.3356293591456981
0.5222479352231986
0.196650316161137
0.31858099559653535
0.2649769787034257
0.3313749322758373
0.3263557402335849
0.34734901504642995
0.10797808220257929
0.30639100854988344
0.30109956973055396
0.1836844219073936
0.29928449967663034
0.2942147947035641
0.2977891500455807
0.21387099671572923
0.16686611819308333
0.34794636977523247
0.2159765171749758
0.6242252719864602
0.40943256162653163
0.24211976807386143
0.4529915579446313
0.28085112950353025
0.29128380872473897
0.33194355643648754
0.3728998252842158
0.46972989503790846
0.29594287218813375
0.2966687700808483
0.25233131966502875
0.30611687552227634
0.2720626413578223
0.297763446359
0.3395828766190365
0.3622471084790079
0.21051868479531327
0.29091469555249566
0.28888047457780336
0.5441586367798669
0.24339293824309255
0.32229330781329896
0.48487909732395457
0.3794450461034589
0.30977431456096227
0.4193698450056605
0.3240172913601648
0.3294004065919606
0.3880691304394359
0.31373946574092443
0.3114970405152844
0.261808751554015
0.3883683858407866
0.42577292689507307
0.43818994687315843
0.21419045910911885
0.44776364843923105
0.1934243175772005
0.31843935130743867
0.4139216075237904
0.5328281309104723
0.33521985763560624
0.2667832999713656
0.3114722062661715
0.33030675325608827
0.288537802933961
0.3616886204136993
0.31752975862425953
0.28994800045296193
0.20200129994722038
0.31304582605569997
0.5946617336948025
0.36138793562015575
0.21588573943011602
0.2745315623738017
0.21617772659540108
0.3111797614235954
0.33047511142455344
0.2173517863241699
0.24557262576467528
0.42997557510727563
0.26008235954116304
0.49965053877106036
0.34700310798771056
0.26074282418537537
0.3839333650253025
0.3029814890058284
0.310564179739567
0.3133089693507697
0.43118654619324415
0.3361164510197429
0.28673478096623206
0.2899639767451719
0.3004722795244279
0.24086346974660505
0.2705398327703533
0.33673410290513056
0.5203350831452195
0.62567955827904
0.8279706272350981
0.309440559238121
0.286976846375268
0.26789751135245343
0.32453117613473315
0.240012222705973
0.2633868756955134
0.2244095850472356
0.24794521864999375
0.2371279548272499
0.5722183386681734
0.25717356640055383
0.8365347706612807
0.46769831112890214
0.3757328978578431
0.2191355607796588
0.588992249041436
0.28746877597139203
0.22017882093656221
0.2989333289810003
0.22171779619776083
0.4058674844142662
0.3685561788868725
0.5311737708112191
0.5053724326782558
0.4783291817583824
0.2890871813929425
0.3174429401451446
0.4729293536281249
0.3309636892977431
0.2539477133550844
0.35966627779522037
0.5048703228450276
0.30602927541462316
0.25257694052402385
0.2714981832720125
0.2717889512925163
0.5306406797199087
0.27695826381699196
0.568896688324542
0.2769492466113898
0.29111382932603774
0.21818765644400023
0.2944016706051575
0.35398814879195384
0.22112725469900887
0.30520015829739633
0.3462783465444288
0.4781857921758851
0.3214449567548234
0.35398814879195384
0.4208889832250557
0.22332215765264044
0.41172556400445015
0.41466828765163266
0.37336763898295144
0.30117419856346184
0.14679818629226515
0.6261317852768814
0.22796483734333994
0.5394878471298736
0.26938898692867425
0.5272913777229481
0.4152016760541662
0.17953852592122369
0.34680869280209664
0.4502488191768238
0.22052425246932209
0.3287117207000612
0.31163086097241255
0.31878036784232106
0.25739654269082496
0.46589774246354954
0.41720382829786706
0.5214813752342102
0.3217062590411617
0.4157617064083032
0.40997846591555703
0.20163426295982154
0.19579217858838227
0.3826115746473206
0.3146387358634547
0.2897380648483459
0.20538103680303896
0.39019631123557524
0.5859696179366995
0.26346366067941585
0.5407872853526121
0.6196603687554914
0.3752954972183212
0.4317622654258552
0.2246316479004594
0.383099740206774
0.29729833291865027
0.1517980003919988
0.3933716503773828
0.3636773584734901
0.2639347445307609
0.28124138944293214
0.2097192762984093
0.32799700255650954
0.21254450984196707
0.1789030807643655
0.27763699033931877
0.4875959625926211
0.4162770009912151
0.2756746247404674
0.3890045887949455
0.27982370213603375
0.5380557417109104
0.30976319103456557
0.22475946157944104
0.27657352722623474
0.36526581530835356
0.4278930107016803
0.6217833459504994
0.47961142918519944
0.34849280354451684
0.3969520007943164
0.2066715415447705
0.33076124172714877
0.27385543846548677
0.5450543208102564
0.47916087486162096
0.2938953090164931
0.4001796775171265
0.4734662840417017
0.23023194490844565
0.4317622654258552
0.5381122804147922
0.3449935267643289
0.32206237108641206
0.3001277746547939
0.20871597384374052
0.3929522024239896
0.25243963864054453
0.5109466166055932
0.3790186669014017
0.3144221464227976
0.34931892996368746
0.43071730672027664
0.28110793483708746
0.6604007220133672
0.4572317811553815
0.31319819066290544
0.5805588905383149
0.2729063590409207
0.22999836697955398
0.29356986313756617
0.1961652483216568
0.1847828962306438
0.30714278652016186
0.19414790164144635
0.3312739544315391
0.34748680965217266
0.23109296652267422
0.5776664723666565
0.2980911113703765
0.34099557906055816
0.24903612628265465
0.2196063380194816
0.3448529361318931
0.335069557957537
0.29180994706508545
0.34099557906055816
0.43564933361003594
0.26637836546880284
0.4288272351312506
0.47522704218290135
0.3293245729520422
0.27636457648143437
0.268736440913562
0.3114281292620549
0.6498797250768141
0.3512389446813868
0.39395136444740847
0.21701690137300875
0.45469483454208176
0.4456797439620121
0.45147776432421916
0.28127881594563603
0.19616478852934596
0.3701671257545262
0.179828048363256
0.27098066147402616
0.2817839753887554
0.5434430612428095
0.4064761227406794
0.21971822350370035
0.2845679442685734
0.5535807589116992
0.3660468960846936
0.2713904075886049
0.3370536253804375
0.20656757582322657
0.23184667198333425
0.17606767789612685
0.2941074119777269
0.5761700109191397
0.3435321868013017
0.5898939804775711
0.24061352121627683
0.5310529707498198
0.24624410441291164
0.38633701482786337
0.24849000969001914
0.3209867140370023
0.6039011717996547
0.2834017478150359
0.3198685499141276
0.3434006622500752
0.4887255491615487
0.27003787361128967
0.4825796388072976
0.46153423634624635
0.4209552645366689
0.26924777801039657
0.684085067696886
0.3337471090511102
0.3498458533776569
0.33506417027944696
0.28328578496849227
0.273493946859961
0.26474135010666316
0.47966762508813676
0.32199047541471987
0.23754534664264085
0.4096463459094846
0.29120929663119977
0.23931385261768576
0.37251905937768653
0.29356395985695494
0.21034961253326212
0.4444887575537151
0.5720525807513771
0.39387331950938
0.1947054349676435
0.35598799872670606
0.5598116169063805
0.4463537786604985
0.3964729262433912
0.4000643965410203
0.5607539061443069
0.41436830622105764
0.3290216689485294
0.2306297062278386
0.31793002810715293
0.25250871716276063
0.4149691449494491
0.31230127072691244
0.34759664227589293
0.2964541881847728
0.2847751953997288
0.2900556918986962
0.4206591677285876
0.45158607223887176
0.3466799781160513
0.7912451012585294
0.4806895625025894
0.3096015668946268
0.2719303509828798
0.22774496706173641
0.29376096759940223
0.2396558326820435
0.35303778983463246
0.27389432869254066
0.32910564577522383
0.33873433449538515
0.5468792570612435
0.4286736028549039
0.4788668824036939
0.4784286744587764
0.46092418741235536
0.20834671083950274
0.2522497383297064
0.9583318414553982
0.3541399394763377
0.21835200048846026
0.4913448168591758
0.2529291310933701
0.2893982015044275
0.31895016345677124
0.26069562347988745
0.38167858240478414
0.3210831662535971
0.3922210373570803
0.30274720659362464
0.2928364655343055
0.36505386054182576
0.47785245151882316
0.5070644791480335
0.4852272927420074
0.34422273040755724
0.532853960679548
0.3689985429958653
0.35321606238891706
0.3647291461173139
1.1167470964180197
0.47594442972708545
0.5770681256765998
0.46386427079569736
0.3681705105916075
0.32057899874528606
0.3174547477263349
0.5871851900460173
0.30269993856329636
0.23983445747118226
0.1738053883880185
0.3767336783090023
0.3230345949823678
0.20199175176579268
0.4206835355513645
0.6983596817865726
0.330318132743432
0.6553513762247255
0.30302077129575417
0.306216513321638
0.2847703884277033
0.31769373314704835
0.440941494251445
0.28536318480914546
0.38366119360315437
0.63989649398775
0.3171478431100166
0.419646766079984
0.32326355200188334
0.20123408362434586
0.17837619275370054
0.2022258766493414
0.2926298189157478
0.3413271192794699
0.36544316439488944
0.2720493839406774
0.29383026955464014
0.3364912285510734
0.31424104267351005
0.542079768362521
0.4437679579677343
0.2851691879034027
0.3000831708817506
0.2612883448235685
0.16476659604717533
0.3574180545743375
0.3955951227653354
0.4109548484739731
0.30174280916820656
0.42071612990383983
0.4205409524422989
0.35173796065435387
0.46787799451628126
0.40985721116521767
0.2359606908391863
0.22433895481678173
0.306982391960544
0.2807684604338563
0.2955741979384679
0.23825821656404414
0.34613588974418913
0.4433814282336977
0.31680136855295826
0.24458206020609594
0.3004374827202055
0.6022873670596939
0.23171832914437746
0.39779146138161414
0.47891211011238694
0.3816075732709983
0.3432731125402351
0.5038706285136065
0.3804657877829062
0.42144591113185537
0.4314686549176171
0.35765189301090333
0.30143184773149334
0.3340480776808735
0.43660635623203187
0.4147793102772834
0.37201800514481476
0.5317421486934604
0.4966258766694279
0.2653289953039991
0.2887072376247108
0.3858767153209284
0.6068044010086849
0.3900314759361887
0.3233167527587503
0.472730681361084
0.23880650196847023
0.29671303129613613
0.43227729098407697
0.3855788740739654
0.45870551357392514
0.3728616433874785
0.46285843383543407
0.5340551942857695
0.5125416291910748
0.19589717962912542
0.2704971221113979
0.40007047440143323
0.7701777415484004
0.6402054623852731
0.2738522386561806
0.2436481808676669
0.4771766771889915
0.49399677703770545
0.3600816702320726
0.5329968390020885
0.383633311608037
0.2219313282880742
0.4743426789129038
0.263701354685701
0.39737675443403786
0.40842815295797563
0.332572105286365
0.17485037004852
0.4539484139864639
0.4145954707388076
0.49528229370914206